INVERSE DIFFUSION MATRIX (32x32)
======================================================================

       0  1  2  3  4  5  6  7  8  9 10 11 12 13 14 15 16 17 18 19 20 21 22 23 24 25 26 27 28 29 30 31 
    +-----------------------------------------------------------------------------------------------+
  0 |  1  0  0  0  0  0  0  1  0  0  1  0  1  1  0  1  0  0  1  1  0  1  1  0  0  1  0  0  1  1  1  1 |
  1 |  0  1  0  0  1  0  0  1  0  0  1  1  1  0  1  1  1  0  1  0  0  1  0  1  0  1  1  0  1  0  0  0 |
  2 |  0  0  1  0  0  1  0  0  1  0  0  1  0  1  0  1  1  1  0  1  1  0  1  0  0  0  1  1  1  1  0  0 |
  3 |  0  0  0  1  0  0  1  0  0  1  0  0  1  0  1  0  0  1  1  0  1  1  0  1  1  0  0  1  1  1  1  0 |
  4 |  0  0  0  1  1  0  0  0  1  1  0  1  0  0  1  0  0  1  1  0  0  0  1  1  1  1  1  1  0  1  0  0 |
  5 |  1  0  0  1  0  1  0  0  1  0  1  1  0  0  1  1  0  1  0  1  1  0  1  0  1  0  0  0  0  1  1  0 |
  6 |  0  1  0  0  0  0  1  0  0  1  0  1  1  0  0  1  1  0  1  0  1  1  0  1  1  1  0  0  0  0  1  1 |
  7 |  0  0  1  0  0  0  0  1  1  0  1  0  0  1  0  0  1  1  0  1  0  1  1  0  1  1  1  0  1  0  0  1 |
  8 |  0  0  1  0  1  1  0  1  1  0  0  0  0  0  0  1  0  1  0  0  1  1  1  1  0  0  1  1  0  1  1  0 |
  9 |  0  0  1  1  1  0  1  1  0  1  0  0  1  0  0  1  0  1  1  0  1  0  0  0  1  0  1  0  0  1  0  1 |
 10 |  1  0  0  1  0  1  0  1  0  0  1  0  0  1  0  0  0  0  1  1  1  1  0  0  1  1  0  1  1  0  1  0 |
 11 |  0  1  0  0  1  0  1  0  0  0  0  1  0  0  1  0  1  0  0  1  1  1  1  0  0  1  1  0  1  1  0  1 |
 12 |  1  1  0  1  0  0  1  0  0  0  0  1  1  0  0  0  1  1  1  1  0  1  0  0  0  1  1  0  0  0  1  1 |
 13 |  1  0  1  1  0  0  1  1  1  0  0  1  0  1  0  0  1  0  0  0  0  1  1  0  0  1  0  1  1  0  1  0 |
 14 |  0  1  0  1  1  0  0  1  0  1  0  0  0  0  1  0  1  1  0  0  0  0  1  1  1  0  1  0  1  1  0  1 |
 15 |  1  0  1  0  0  1  0  0  0  0  1  0  0  0  0  1  1  1  1  0  1  0  0  1  1  1  0  1  0  1  1  0 |
 16 |  0  0  1  1  0  1  1  0  0  1  0  0  1  1  1  1  1  0  0  0  0  0  0  1  0  0  1  0  1  1  0  1 |
 17 |  1  0  1  0  0  1  0  1  0  1  1  0  1  0  0  0  0  1  0  0  1  0  0  1  0  0  1  1  1  0  1  1 |
 18 |  1  1  0  1  1  0  1  0  0  0  1  1  1  1  0  0  0  0  1  0  0  1  0  0  1  0  0  1  0  1  0  1 |
 19 |  0  1  1  0  1  1  0  1  1  0  0  1  1  1  1  0  0  0  0  1  0  0  1  0  0  1  0  0  1  0  1  0 |
 20 |  0  1  1  0  0  0  1  1  1  1  1  1  0  1  0  0  0  0  0  1  1  0  0  0  1  1  0  1  0  0  1  0 |
 21 |  0  1  0  1  1  0  1  0  1  0  0  0  0  1  1  0  1  0  0  1  0  1  0  0  1  0  1  1  0  0  1  1 |
 22 |  1  0  1  0  1  1  0  1  1  1  0  0  0  0  1  1  0  1  0  0  0  0  1  0  0  1  0  1  1  0  0  1 |
 23 |  1  1  0  1  0  1  1  0  1  1  1  0  1  0  0  1  0  0  1  0  0  0  0  1  1  0  1  0  0  1  0  0 |
 24 |  0  1  0  0  1  1  1  1  0  0  1  1  0  1  1  0  0  0  1  0  1  1  0  1  1  0  0  0  0  0  0  1 |
 25 |  0  1  1  0  1  0  0  0  1  0  1  0  0  1  0  1  0  0  1  1  1  0  1  1  0  1  0  0  1  0  0  1 |
 26 |  0  0  1  1  1  1  0  0  1  1  0  1  1  0  1  0  1  0  0  1  0  1  0  1  0  0  1  0  0  1  0  0 |
 27 |  1  0  0  1  1  1  1  0  0  1  1  0  1  1  0  1  0  1  0  0  1  0  1  0  0  0  0  1  0  0  1  0 |
 28 |  1  1  1  1  0  1  0  0  0  1  1  0  0  0  1  1  1  1  0  1  0  0  1  0  0  0  0  1  1  0  0  0 |
 29 |  1  0  0  0  0  1  1  0  0  1  0  1  1  0  1  0  1  0  1  1  0  0  1  1  1  0  0  1  0  1  0  0 |
 30 |  1  1  0  0  0  0  1  1  1  0  1  0  1  1  0  1  0  1  0  1  1  0  0  1  0  1  0  0  0  0  1  0 |
 31 |  1  1  1  0  1  0  0  1  1  1  0  1  0  1  1  0  1  0  1  0  0  1  0  0  0  0  1  0  0  0  0  1 |
    +-----------------------------------------------------------------------------------------------+

Hexadecimal representation:
----------------------------------------
Row  0: 0xF26CB481
Row  1: 0x16A5DC92
Row  2: 0x3C5BA924
Row  3: 0x79B65248
Row  4: 0x2FC64B18
Row  5: 0x615ACD29
Row  6: 0xC3B59A42
Row  7: 0x976B2584
Row  8: 0x6CF281B4
Row  9: 0xA51692DC
Row 10: 0x5B3C24A9
Row 11: 0xB6794852
Row 12: 0xC62F184B
Row 13: 0x5A6129CD
Row 14: 0xB5C3429A
Row 15: 0x6B978425
Row 16: 0xB481F26C
Row 17: 0xDC9216A5
Row 18: 0xA9243C5B
Row 19: 0x524879B6
Row 20: 0x4B182FC6
Row 21: 0xCD29615A
Row 22: 0x9A42C3B5
Row 23: 0x2584976B
Row 24: 0x81B46CF2
Row 25: 0x92DCA516
Row 26: 0x24A95B3C
Row 27: 0x4852B679
Row 28: 0x184BC62F
Row 29: 0x29CD5A61
Row 30: 0x429AB5C3
Row 31: 0x84256B97
